How many countries do you want to add to the list?

5



Country Names: 0 Macao SAR China

1 Venezuela RB, 2 Suriname, 3 Tajikistan, 4 Rwanda, 



Size of list: 5



List of countries: 

Macao SAR China	0.00	0.00	0.00	0.00	0.00	0.00	0.00	0.00	0.00	0.00

0.00	0.00	0.00	0.00	0.00	0.00	0.00	0.00	0.00	0.00

0.00	0.00	0.00	0.00	0.00	0.00	0.00	0.00	0.00	0.39

0.62	1.31	2.78	3.93	5.47	9.00	11.05	12.83	19.61	27.76

32.66	44.39	62.17	80.77	94.31	113.80	132.63	161.05	183.75	198.88

209.92	247.71	289.78

Venezuela RB	0.00	0.00	0.00	0.00	0.00	0.00	0.00	0.00	0.00	0.00

0.00	0.00	0.00	0.00	0.00	0.00	0.00	0.00	0.00	0.00

0.00	0.00	0.00	0.00	0.00	0.00	0.00	0.00	0.01	0.02

0.04	0.08	0.38	0.86	1.48	1.83	2.58	4.66	8.56	15.81

22.32	26.03	25.82	27.19	32.07	46.76	69.10	86.13	97.49	98.39

96.00	97.56	101.88

Suriname	0.00	0.00	0.00	0.00	0.00	0.00	0.00	0.00	0.00	0.00

0.00	0.00	0.00	0.00	0.00	0.00	0.00	0.00	0.00	0.00

0.00	0.00	0.00	0.00	0.00	0.00	0.00	0.00	0.00	0.00

0.00	0.00	0.00	0.25	0.32	0.39	0.55	0.50	1.32	3.80

8.80	18.38	22.57	34.61	43.13	46.60	63.34	74.45	127.50	146.86

99.28	100.71	106.46

Tajikistan	0.00	0.00	0.00	0.00	0.00	0.00	0.00	0.00	0.00	0.00

0.00	0.00	0.00	0.00	0.00	0.00	0.00	0.00	0.00	0.00

0.00	0.00	0.00	0.00	0.00	0.00	0.00	0.00	0.00	0.00

0.00	0.00	0.00	0.00	0.00	0.00	0.00	0.01	0.01	0.01

0.02	0.03	0.21	0.73	2.03	3.89	30.92	29.99	50.49	65.79

77.89	80.92	81.51

Rwanda	0.00	0.00	0.00	0.00	0.00	0.00	0.00	0.00	0.00	0.00

0.00	0.00	0.00	0.00	0.00	0.00	0.00	0.00	0.00	0.00

0.00	0.00	0.00	0.00	0.00	0.00	0.00	0.00	0.00	0.00

0.00	0.00	0.00	0.00	0.00	0.00	0.00	0.00	0.07	0.14

0.46	0.74	0.92	1.43	1.48	2.36	3.25	6.40	12.94	23.07

32.75	39.90	49.67





What country do you want to search for?

Rwanda

Country Rwanda found with details:

Rwanda	0.00	0.00	0.00	0.00	0.00	0.00	0.00	0.00	0.00	0.00

0.00	0.00	0.00	0.00	0.00	0.00	0.00	0.00	0.00	0.00

0.00	0.00	0.00	0.00	0.00	0.00	0.00	0.00	0.00	0.00

0.00	0.00	0.00	0.00	0.00	0.00	0.00	0.00	0.07	0.14

0.46	0.74	0.92	1.43	1.48	2.36	3.25	6.40	12.94	23.07

32.75	39.90	49.67



Country Names: 0 Macao SAR China

1 Venezuela RB, 2 Suriname, 3 Tajikistan, 4 Rwanda, 



What country are you interested in? Enter a number between 0 and 4 

2



What subscription period do you want to total? Enter [starting year],[end year].

1950,2010

Total subscriptions for Suriname between 1950 and 2010 is 692.661969 



Done with TestGenericList.